Liver cancer 1.33833329175 2.25171370195 2.46963475997 1.74929664808 0.540788271515 
Lung Cancer 0.591392607488 2.09538274496 2.11755455815 1.35476530975 0.35874513752 
Stomach cancer 0.872631359084 0.596660171552 0.479323317733 1.66953172348 0.473117711026 
Brain cancer 0.119500216127 2.15656533613 1.99455191787 3.19696406171 0.606729807898 
Alzheimer 0.331332601842 3.94523701307 1.89171955199 1.11332352254 0.307771448385 
Respirstory diseases 0.289466013279 0.659260455878 0.731535202471 0.755615541293 0.440305190601 
Stroke 0.273550197264 6.42219883201 0.692967707395 2.62959238958 0.797434954756 
Diabetes 1.88886451974 1.99358687154 1.34054761669 3.06699630844 0.464825727335 
Pneumonia 0.587394680196 1.14200414759 1.07036349239 0.886578569829 0.410223670725 
Heart diseases 1.65320664959 1.17068078752 0.643848003751 0.884715757287 0.791918718271 
